0001010101100111100000011
1100000110000000001100011
0110011110000001001000010
0111000100100011010000001
0110010101100111100000001
1000000011000100000100000
0111111100000000000000001
0110010101100111100000001
0101000000000000111100001
0100010000000100000000001
0011111111101011010000001
0010000000000000000000001
0001000000000000111100001
0000010000100100000000001
1100000011000000000100010
1100000101000110000100100
1100001011000010010000101
1100001100000000010100110
1100001011001010011000111
1100000111001010011000111
1100000000000000000000000
1100001000001010011001000
1100000011000000011001001
1100001101010010011001010
1100000001010010011001011
0000000110101011010111111
0010100000000000000011111
0100011111111111111111111
0110000000000000010111111
0000100100100110001111110
0010100000000000000011110
0100000000000000010111110
0110000000000000011111110
1100000100111101111111101
0111011001010100001111100
0110001000010000000111100
0011011111111111111111100
0010111111111111111111100
0001000000000000110011100
0000000000000000000011100
1100000101110011110011011
0001000000000000111111011
0000010000100100000011011
1100000010111001101111010
1100001001001100000101100
0001000000000000010110001
1100000110000001000110001
0000000000000000001110000
1100000110000001000010000
1001110001100011000001111
1000110001100011000010010
1000110001100011000010010
1001010010100101000001101
1100001010011000101010011
1010010000100000111110100
1010010000100000111110101
0010000000000000000001111
0110000000000000000001111
1011010101101010111110110
1011110101101010111110111
1100001110101110111111000
1100000000000000000000000
1100000000000000000000000
1100001110010010001011001
